$ 1 0.000005 10.20027730826997 50 5 50 5e-11
t 624 432 672 432 0 -1 -0.6324008527167226 -0.6697007361139793 100 default
t 768 432 832 432 0 1 0.6324790166362135 0.6625044736436126 100 default
t 768 304 832 304 0 1 -0.03002545690869557 9.870356059661306e-11 100 default
R 528 160 528 96 0 0 40 5 0 0 0.5
g 496 704 496 768 0 0
s 336 432 400 432 0 0 false
r 432 432 432 368 0 1000
c 512 432 512 512 4 0.00001 4.330299263886021 0.001 0
r 432 432 512 432 0 1000
w 400 432 432 432 0
w 336 432 336 512 0
w 336 512 512 512 0
w 496 704 496 560 0
w 496 560 512 560 0
w 512 512 512 560 0
w 512 432 624 432 0
r 672 496 672 560 0 1000
w 512 560 672 560 0
w 672 496 672 480 0
w 672 480 672 448 0
w 672 480 704 480 0
w 704 480 704 432 0
r 704 432 768 432 0 1000
M 928 352 1040 352 0 2.5
w 832 416 880 416 0
w 880 416 880 352 0
w 880 352 928 352 0
w 832 320 832 384 0
w 832 384 912 384 0
w 912 384 912 480 0
w 912 480 832 480 0
w 832 448 832 480 0
w 672 560 832 560 0
w 832 560 832 480 0
w 832 288 832 256 0
r 832 256 832 192 0 1000
w 528 160 832 160 0
w 832 160 832 192 0
r 768 304 688 304 0 1000
L 688 304 608 304 0 0 false 5 0
w 528 160 496 160 0
w 432 160 432 368 0
w 672 416 672 368 0
w 672 368 496 368 0
w 496 368 496 160 0
w 496 160 432 160 0
w 880 352 880 256 0
w 880 256 832 256 0
x 317 415 333 418 4 24 A
x 584 278 600 281 4 24 B
153 1696 320 1808 320 0 2 5 5
w 1536 320 1536 272 0
r 1568 336 1632 336 0 1000
w 1568 384 1568 336 0
w 1536 384 1568 384 0
w 1536 384 1536 352 0
w 1536 400 1536 384 0
r 1536 400 1536 464 0 1000
t 1488 336 1536 336 0 -1 4.999999964232418 -2.5567581829477604e-8 100 default
x 1474 318 1490 321 4 24 A
w 1456 336 1488 336 0
w 1456 416 1456 464 0
w 1280 416 1456 416 0
w 1280 336 1280 416 0
w 1344 336 1376 336 0
r 1376 336 1456 336 0 1000
c 1456 336 1456 416 4 0.00001 4.999999974432418 0.001 0
r 1376 336 1376 272 0 1000
s 1280 336 1344 336 0 1 false
g 1456 512 1456 544 0 0
w 1456 464 1456 512 0
w 1456 464 1536 464 0
R 1376 176 1376 128 0 0 40 5 0 0 0.5
w 1376 176 1376 272 0
w 1376 176 1536 176 0
w 1536 176 1536 272 0
w 1632 336 1696 336 0
L 1696 304 1648 304 0 0 false 5 0
M 1808 320 1872 320 0 2.5
x 1626 277 1642 280 4 24 B
x 1001 301 1051 304 4 24 OUT
x 1839 273 1889 276 4 24 OUT
I 1376 720 1440 720 0 0.5 5
L 1440 688 1312 688 0 0 false 5 0
L 1376 720 1312 720 0 0 false 5 0
M 1536 704 1584 704 0 2.5
151 1440 704 1536 704 0 2 5 5
x 1272 733 1288 736 4 24 B
x 1275 678 1291 681 4 24 A
